20180111
20180116
20180126
20180210
20180215
20180220
20180225
20180302
20180307
20180312
20180317
20180322
20180327
20180401
20180421
20180426
20180501
20180506
20180511
20180516
20180521
20180531
20180620
20180625
20180630
20180705
20180710
20180715
20180725
20180730
20180804
20180809
20180814
20180819
20180824
20180829
20180903
20180908
20180913
20180918
20180923
20180928
20181003
20181008
20181013
20181023
20181112
20181117
20181122
20181127
20181207
20181217
20181227
