20190111
20190116
20190126
20190210
20190215
20190220
20190225
20190302
20190307
20190312
20190317
20190322
20190327
20190401
20190421
20190426
20190501
20190506
20190511
20190516
20190521
20190531
20190620
20190625
20190630
20190705
20190710
20190715
20190725
20190730
20190804
20190809
20190814
20190819
20190824
20190829
20190903
20190908
20190913
20190918
20190923
20190928
20191003
20191008
20191013
20191023
20191112
20191117
20191122
20191127
20191207
20191217
20191227
